 AM1 TS CHARGE=-1
 Title
 
  C    0.0000000  0      0.000000  0      0.000000  0    0    0    0      0.0464
 Cl    2.0440333  1      0.000000  0      0.000000  0    1    0    0     -0.6109
  H    1.0967331  1     93.901070  1      0.000000  0    1    2    0      0.1069
  H    1.0979424  1     93.885078  1    120.131789  1    1    2    3      0.1057
  H    1.0985644  1     93.868109  1   -120.187406  1    1    2    3      0.1063
 Br    2.3496778  1    179.709837  1    -55.183232  1    1    2    3     -0.7545
 
