 AM1 FORCE CHARGE=-1
 Title
 
  C    0.0000000  0      0.000000  0      0.000000  0    0    0    0      0.0446
 Cl    2.0325922  1      0.000000  0      0.000000  0    1    0    0     -0.5999
  H    1.0983762  1     94.285910  1      0.000000  0    1    2    0      0.1064
  H    1.0983831  1     94.293447  1    119.975671  1    1    2    3      0.1063
  H    1.0983596  1     94.295575  1   -120.031996  1    1    2    3      0.1064
 Br    2.3594553  1    179.981774  1    -67.070098  1    1    2    3     -0.7638
 
