 AM1 FORCE CHARGE=-1
 Title
 
  C    0.0000000  0      0.000000  0      0.000000  0    0    0    0      0.0446
 Cl    2.0325911  1      0.000000  0      0.000000  0    1    0    0     -0.5999
  H    1.0983759  1     94.285869  1      0.000000  0    1    2    0      0.1064
  H    1.0983829  1     94.293316  1    119.975853  1    1    2    3      0.1063
  H    1.0983599  1     94.295798  1   -120.031956  1    1    2    3      0.1064
 Br    2.3594553  1    179.982299  1    -67.094583  1    1    2    3     -0.7638

