 AM1 TS CHARGE=-1
 Title
 
  C    0.0000000  0      0.000000  0      0.000000  0    0    0    0      0.0465
 Cl    2.0440484  1      0.000000  0      0.000000  0    1    0    0     -0.6109
  H    1.0967169  1     93.900575  1      0.000000  0    1    2    0      0.1069
  H    1.0979403  1     93.884113  1    120.131533  1    1    2    3      0.1057
  H    1.0985640  1     93.866882  1   -120.187656  1    1    2    3      0.1063
 Br    2.3496671  1    179.710010  1    -55.203012  1    1    2    3     -0.7544

